[Calculations]
k = 2.0
fpom = 460.309
v = 0.0055
psyd = 0.015
sof = 2.106
tmax = 3112.448005732529
psy = 13.809269999999996
stt = 920.6179999999999
area_multiplier = 437.1405508072175

